6.04
6.56
7.16
7.28
7.42
7.54
8.28
9.00
9.14
9.26
9.40
9.52
10.06
10.46
10.58
11.12
11.24
11.50
12.04
12.18
13.48
14.08
14.22
14.34
14.48
15.14
15.54
16.06
16.20
16.32
16.46
17.00
17.26
17.38
17.52
18.04
18.18
18.38
18.50
19.04
20.36
21.54
22.08
22.40
22.54
23.06
23.20
24.24
24.38
24.50
25.04
25.44
25.56
27.28
27.54
28.08
28.20
28.34
29.00
29.32
29.46
30.00
30.12
30.26
30.38
31.12
31.30
31.44
31.50
32.04
32.24
32.36
32.50
34.22
34.42
34.54
35.08
35.20
35.54
36.26
36.40
36.52
37.06
37.18
37.32
37.58
38.12
38.24
38.38
38.50
38.56
39.10
39.30
40.02
41.08
42.26
42.40
43.12
43.26
43.38
43.52
44.50
45.30
45.56
46.22
46.42
48.00
48.14
48.28
48.40
48.54
49.06
49.14
49.32
49.52
50.06
50.18
50.32
51.24
51.38
51.50
52.04
52.16
52.30
52.44
52.56
53.22
53.36
53.48
54.02
54.14
54.28
54.40
54.48
55.00
55.14
55.26
55.40
56.00
56.12
56.26
56.46
56.58
57.12
57.24
57.38
57.52
58.18
58.30
58.44
58.56
59.22
62.20
63.32
63.50
64.04
64.16
64.30
64.44
65.48
67.02
67.14
67.26
67.40
67.54
68.12
68.40
68.58
69.06
69.18
69.38
69.52
70.04
70.30
70.44
70.58
71.10
71.24
71.36
71.50
72.02
72.16
72.22
72.36
72.48
73.02
73.28
75.26
75.38
75.52
76.04
76.32
76.44
76.58
77.30
77.44
77.56
78.30
78.56
79.22
79.28
79.42
79.54
82.18
82.32
82.44
82.58
83.12
83.24
85.42
86.08
86.22
86.34
86.48
86.54
87.14
89.12
89.24
89.38
89.52
90.04
90.10
90.50
91.04
91.16
91.30
92.28
93.02
93.14
93.22
93.34
94.06
94.28
94.40
94.52
95.06
95.26
95.58
96.12
96.24
96.38
96.50
97.04
99.28
99.42
99.54
100.08
100.20
100.34
101.06
101.20
101.32
101.46
102.52
103.18
103.30
103.44
103.58
104.10
104.24
104.50
105.02
105.08
105.22
105.36
105.48
106.02
106.14
106.28
106.40
106.54
107.08
107.20
108.00
108.12
108.26
108.38
109.38
110.04
110.16
110.30
110.44
111.16
111.36
111.48
112.04
112.14
112.34
113.08
113.20
113.34
113.46
114.00
114.14
114.26
end