5.29
5.81
6.41
6.53
6.67
6.79
7.53
8.25
8.39
8.51
8.65
8.77
9.31
9.71
9.83
10.37
10.49
10.75
11.29
11.43
12.73
13.33
13.47
13.59
13.73
14.39
14.79
15.31
15.45
15.57
15.71
16.25
16.51
16.63
16.77
17.29
17.43
17.63
17.75
18.29
19.61
20.79
21.33
21.65
21.79
22.31
22.45
23.49
23.63
23.75
24.29
24.69
24.81
26.53
26.79
27.33
27.45
27.59
28.25
28.57
28.71
29.25
29.37
29.51
29.63
30.37
30.55
30.69
30.75
31.29
31.49
31.61
31.75
33.47
33.67
33.79
34.33
34.45
34.79
35.51
35.65
35.77
36.31
36.43
36.57
36.83
37.37
37.49
37.63
37.75
37.81
38.35
38.55
39.27
40.33
41.51
41.65
42.37
42.51
42.63
42.77
43.75
44.55
44.81
45.47
45.67
47.25
47.39
47.53
47.65
47.79
48.31
48.39
48.57
48.77
49.31
49.43
49.57
50.49
50.63
50.75
51.29
51.41
51.55
51.69
51.81
52.47
52.61
52.73
53.27
53.39
53.53
53.65
53.73
54.25
54.39
54.51
54.65
55.25
55.37
55.51
55.71
55.83
56.37
56.49
56.63
56.77
57.43
57.55
57.69
57.81
58.47
61.45
62.57
62.75
63.29
63.41
63.55
63.69
64.73
66.27
66.39
66.51
66.65
66.79
67.37
67.65
67.83
68.31
68.43
68.63
68.77
69.29
69.55
69.69
69.83
70.35
70.49
70.61
70.75
71.27
71.41
71.47
71.61
71.73
72.27
72.53
74.51
74.63
74.77
75.29
75.57
75.69
75.83
76.55
76.69
76.81
77.55
77.81
78.47
78.53
78.67
78.79
81.43
81.57
81.69
81.83
82.37
82.49
84.67
85.33
85.47
85.59
85.73
85.79
86.39
88.37
88.49
88.63
88.77
89.29
89.35
89.75
90.29
90.41
90.55
91.53
92.27
92.39
92.47
92.59
93.31
93.53
93.65
93.77
94.31
94.51
94.83
95.37
95.49
95.63
95.75
96.29
98.53
98.67
98.79
99.33
99.45
99.59
100.31
100.45
100.57
100.71
101.77
102.43
102.55
102.69
102.83
103.35
103.49
103.75
104.27
104.33
104.47
104.61
104.73
105.27
105.39
105.53
105.65
105.79
106.33
106.45
107.25
107.37
107.51
107.63
108.63
109.29
109.41
109.55
109.69
110.41
110.61
110.73
111.29
111.39
111.59
112.33
112.45
112.59
112.71
113.25
113.39
113.51
end